Iteration 2
Average Speed 
 49 44 45 51 50 48 50 53 54 51 54 54 50 47 49 51 49 53 53 46 35 31 30 2 1
------------------------------------------
Average Strength 48 45 44 45 44 43 43 41 40 41 42 42 39 38 39 41 42 38 39 29 30 29 28 27 29
------------------------------------------
Average intelligence 64 59 59 58 58 56 56 56 57 56 53 53 50 50 50 52 55 50 48 42 46 44 40 35 49
------------------------------------------
Average Size 64 59 59 58 58 56 56 56 57 56 53 53 50 50 50 52 55 50 48 42 46 44 40 35 49
------------------------------------------

Total population 10 15 16 20 21 22 23 19 17 16 15 14 13 14 13 11 10 9 7 6 5 4 3 2 1 0
------------------------------------------

