Iteration 1
Average Speed 
 50 50 54 54 57 60 64 65 65 65 64 64 66 66 66 69 68 68 70 70 69 74 76 75 75 76 76 76 76 76 75 76 77 77 78 78 78 79 78 79 79 78 79 78 78 78 80 82 82 83 83 84 84 85 86 86 85 85 85 84 84 84 83 85 85 86 86 85 86 87 87 87 88 92 91 91 91 90 90 91 91 90 93 92 93 92 93 94 94 94 93 94 94 94 97 96 96 96 96 95 95 97 100 100 100 100
------------------------------------------
Average Strength 47 40 44 44 45 43 43 44 42 42 41 40 42 42 43 41 41 42 41 39 39 39 38 39 38 38 37 36 36 35 34 33 32 33 32 32 31 31 31 30 29 30 30 30 30 30 30 29 30 30 29 30 28 27 27 27 26 27 26 26 24 25 23 23 22 21 22 20 21 21 21 21 22 23 23 24 23 21 22 22 22 23 23 24 23 21 22 19 19 19 18 18 19 18 19 19 20 19 20 20 15 15 15 15 15 15
------------------------------------------
Average intelligence 42 38 42 41 43 42 44 45 44 43 46 46 47 47 48 48 48 48 48 48 47 51 49 50 51 52 51 51 52 51 50 49 49 49 49 50 50 50 51 49 48 49 50 49 49 49 49 48 49 49 47 48 46 48 47 48 46 47 46 45 44 45 43 42 40 40 40 38 38 39 39 39 41 42 42 43 42 39 40 40 41 41 42 43 42 39 39 35 35 35 36 36 37 36 37 38 38 38 38 40 31 31 31 31 31 31
------------------------------------------
Average Size 42 38 42 41 43 42 44 45 44 43 46 46 47 47 48 48 48 48 48 48 47 51 49 50 51 52 51 51 52 51 50 49 49 49 49 50 50 50 51 49 48 49 50 49 49 49 49 48 49 49 47 48 46 48 47 48 46 47 46 45 44 45 43 42 40 40 40 38 38 39 39 39 41 42 42 43 42 39 40 40 41 41 42 43 42 39 39 35 35 35 36 36 37 36 37 38 38 38 38 40 31 31 31 31 31 31
------------------------------------------

Total population 10 14 20 24 27 36 31 29 27 26 31 32 30 29 28 34 35 33 31 30 29 38 37 36 35 34 36 35 34 33 35 39 37 36 37 36 34 32 31 33 35 34 35 34 33 32 31 30 31 32 34 33 31 30 31 30 29 28 29 28 26 25 24 26 25 26 25 24 23 22 21 22 23 22 21 20 22 21 20 19 18 17 16 15 16 15 14 13 14 13 12 11 10 11 10 9 8 9 8 7 6 5 4 3 2 1 0
------------------------------------------

