Iteration 0
Average Speed 
 57 69 72 73 75 76 77 77 78 78 82 84 85 84 85 89 89 89 88 89 87 87 87 89 90 91 91 90 90 90 89 90 89 88 87 89 88 91 89 87 94 91 82
------------------------------------------
Average Strength 47 44 43 42 41 40 41 41 40 41 39 38 36 37 38 38 37 37 39 36 35 34 35 34 33 32 33 32 33 35 33 33 32 30 32 30 25 27 22 24 26 32 13
------------------------------------------
Average intelligence 55 55 54 52 52 51 52 53 52 52 53 53 52 51 53 51 50 47 49 47 45 47 49 47 45 43 44 42 44 47 44 44 41 37 40 36 33 36 27 31 35 46 13
------------------------------------------
Average Size 55 55 54 52 52 51 52 53 52 52 53 53 52 51 53 51 50 47 49 47 45 47 49 47 45 43 44 42 44 47 44 44 41 37 40 36 33 36 27 31 35 46 13
------------------------------------------

Total population 10 18 20 21 23 25 26 27 30 31 27 25 24 23 22 21 22 20 19 18 19 18 17 16 15 16 15 14 13 12 11 13 12 11 10 9 7 6 5 4 3 2 1 0
------------------------------------------

