Iteration 3
Average Speed 
 45 43 50 48 49 54 56 56 55 55 57 59 62 60 61 63 64 63 64 65 65 65 65 65 65 67 70 70 71 70 72 71 69 67 65 67 70 71 73 75 76 76 76 78 77 77 77 77 79 77 79 81 82 84 84 85 83 89 88 89 87 91 92 85 81 75 77 80 70 85
------------------------------------------
Average Strength 36 30 32 32 31 30 26 27 26 26 27 27 28 29 30 29 29 28 29 30 29 28 27 26 27 25 26 27 26 27 27 30 30 32 30 29 30 29 30 31 32 33 34 30 32 34 35 36 39 40 39 37 39 40 42 40 45 43 42 46 45 42 39 43 48 45 48 57 57 57
------------------------------------------
Average intelligence 55 59 60 56 56 59 61 59 59 61 60 60 59 57 57 59 57 58 56 54 53 54 54 55 54 55 53 53 54 54 56 55 55 53 53 55 53 54 53 52 52 55 52 50 53 52 51 54 51 55 56 52 54 51 56 57 52 54 51 49 51 44 45 52 64 57 64 83 83 83
------------------------------------------
Average Size 55 59 60 56 56 59 61 59 59 61 60 60 59 57 57 59 57 58 56 54 53 54 54 55 54 55 53 53 54 54 56 55 55 53 53 55 53 54 53 52 52 55 52 50 53 52 51 54 51 55 56 52 54 51 56 57 52 54 51 49 51 44 45 52 64 57 64 83 83 83
------------------------------------------

Total population 10 14 22 27 28 35 30 28 27 26 25 29 27 26 28 27 28 29 31 29 27 26 25 24 23 21 20 23 22 21 20 22 20 18 17 18 17 18 19 18 17 16 15 13 14 13 14 13 12 11 10 11 12 10 9 8 7 6 8 7 6 5 4 5 4 3 4 3 2 1 0
------------------------------------------

